-0.013365807011723518
0.019604578614234924
0.05184384062886238
0.08689279109239578
0.12460879981517792
0.1656051129102707
0.21997801959514618
0.29392653703689575
0.377021849155426
0.48136502504348755
0.6227622628211975
0.7244064807891846
0.7328814268112183
0.598213791847229
0.4502090811729431
0.4329483211040497
0.4756055176258087
0.5477174520492554
0.5730910301208496
0.6431819796562195
0.6921786665916443
0.7080990672111511
0.7279170751571655
0.7323927283287048
0.7302712798118591
0.7286710739135742
0.7275922894477844
0.7292166948318481
0.7363445162773132
0.7303292155265808
0.7325785756111145
0.7184507250785828
0.7115017175674438
0.7049426436424255
0.7010225057601929
0.6750521063804626
0.6845764517784119
0.6558907628059387
0.6519591808319092
0.6569810509681702
0.6527164578437805
0.6664484739303589
0.6936919689178467
0.7065761685371399
0.7129350304603577
0.7250988483428955
0.731274425983429
0.7440273761749268
0.7385754585266113
0.7477754950523376
0.749686062335968
0.74105304479599
0.7284767031669617
0.7171036601066589
0.7125889658927917
0.7120175957679749
0.7050715088844299
0.7059859037399292
0.7393844127655029
0.7435294389724731
0.7404569983482361
0.741733729839325
0.763703465461731
0.7659741640090942
0.7737206220626831
0.7662132978439331
0.7711315751075745
0.785720705986023
0.7820531725883484
0.7940719127655029
0.8012222051620483
0.8068229556083679
0.8267331123352051
0.8304773569107056
0.8414284586906433
0.8542623519897461
0.8552535176277161
0.871188759803772
0.8773412108421326
0.8949953317642212
0.9050614237785339
0.9015782475471497
0.9078596830368042
0.9027519226074219
0.9120590090751648
0.8902819156646729
0.9077146649360657
0.9049932956695557
0.9068489074707031
0.9100353121757507
0.8958044648170471
0.9112696647644043
0.9142176508903503
0.9188413023948669
0.90541672706604
0.9174820780754089
0.9125701189041138
0.9134571552276611
0.9126362204551697
0.9134878516197205
0.9170670509338379
0.9113343358039856
0.9038166403770447
0.905646562576294
0.9171619415283203
0.9203664660453796
0.9159759879112244
0.9145678877830505
0.9215699434280396
0.9132922887802124
0.9077395796775818
0.9232532978057861
0.9227833151817322
0.9166074395179749
0.9188657402992249
0.9241119027137756
0.9218424558639526
0.918476402759552
0.9243534207344055
0.9226218461990356
0.9246875047683716
0.9230818748474121
0.9242420196533203
0.9222103357315063
0.9225871562957764
0.9195160269737244
0.9216431379318237
0.9251885414123535
0.9231480956077576
0.923501193523407
0.9242389798164368
0.9245344400405884
0.9265918731689453
0.9224332571029663
0.9144206643104553
0.9273872375488281
0.9240793585777283
0.9261424541473389
0.9234539270401001
0.9245577454566956
0.9260801076889038
0.9175733923912048
0.9259651303291321
0.9285552501678467
0.925163209438324
0.9240050911903381
0.9273951053619385
0.9236390590667725
0.9238729476928711
0.926954448223114
