0.28409263491630554
0.3552037179470062
0.3684336841106415
0.36481642723083496
0.41535454988479614
0.4837706983089447
0.5447791814804077
0.5569653511047363
0.6435496807098389
0.7123016119003296
0.7508100867271423
0.5815097093582153
0.49881720542907715
0.5222508907318115
0.4895886480808258
0.6459435820579529
0.6713280081748962
0.678780198097229
0.6969846487045288
0.7091725468635559
0.7388944625854492
0.7407055497169495
0.7288172245025635
0.727416455745697
0.7278753519058228
0.7193161249160767
0.7322227954864502
0.7296596765518188
0.7430736422538757
0.7376594543457031
0.7338179349899292
0.6954739689826965
0.699274480342865
0.6519120931625366
0.6864169836044312
0.5494726896286011
0.5528483390808105
0.6449243426322937
0.7327196002006531
0.7551546692848206
0.7253262400627136
0.7338853478431702
0.7445166110992432
0.7668418884277344
0.7457607388496399
0.772598147392273
0.7518185377120972
0.7769920825958252
0.7340070009231567
0.7647280097007751
0.6218340396881104
0.6928421258926392
0.7176123261451721
0.7755396366119385
0.7522237300872803
0.7563450932502747
0.7441239356994629
0.7911410927772522
0.8245376348495483
0.7800536155700684
0.822158932685852
0.8090579509735107
0.8248528242111206
0.8019980788230896
0.8186253905296326
0.7692421674728394
0.8421115279197693
0.8447756767272949
0.8535311818122864
0.8650265336036682
0.8696427941322327
0.863404393196106
0.8510987758636475
0.8689687252044678
0.8618204593658447
0.8344348669052124
0.8766542673110962
0.8736795783042908
0.8461824655532837
0.8555354475975037
0.8812323808670044
0.8674533367156982
0.846786618232727
0.8513588309288025
0.8864099383354187
0.8759281039237976
0.8841486573219299
0.8670316338539124
0.8862016797065735
0.8819774985313416
0.8732824921607971
0.8974137902259827
0.8622304201126099
0.8923664093017578
0.8712610006332397
0.8995516896247864
0.8740651607513428
0.864492654800415
0.890645444393158
0.8932682275772095
0.887502908706665
0.8821136951446533
0.8884214758872986
0.8830069303512573
0.8901486396789551
0.8788430094718933
0.8937533497810364
0.8714549541473389
0.9024525880813599
0.8710415363311768
0.8889257311820984
0.8763642907142639
0.8895856738090515
0.8912433385848999
0.8830904960632324
0.8820459246635437
0.8952199816703796
0.8507086038589478
0.8867486119270325
0.8891200423240662
0.8974370360374451
0.8921574950218201
0.8879249691963196
0.8861917853355408
0.9016472101211548
0.8845880031585693
0.905079185962677
0.8661041259765625
0.8927881717681885
0.8943981528282166
0.8924269676208496
0.8882964253425598
0.8877931237220764
0.8755469918251038
0.8976806998252869
0.883270263671875
0.8892766833305359
0.8908639550209045
0.888672947883606
0.8956785202026367
0.8808305859565735
0.8741626739501953
0.8831055164337158
0.8935846090316772
0.8986184000968933
0.8930339813232422
0.8731006383895874
0.8792964816093445
0.8726951479911804
0.8799034357070923
