-0.017806151881814003
0.015048220753669739
0.057108111679553986
0.12435919046401978
0.17402976751327515
0.2691054046154022
0.35723021626472473
0.4565489590167999
0.6154830455780029
0.65926194190979
0.6963097453117371
0.6642761826515198
0.48161137104034424
0.4671497344970703
0.40893569588661194
0.4380594491958618
0.5266303420066833
0.5534707903862
0.6433864235877991
0.6845215559005737
0.6861169338226318
0.7088273167610168
0.7147301435470581
0.7073144912719727
0.6854970455169678
0.7028147578239441
0.6908704042434692
0.7025452852249146
0.691677451133728
0.6743032336235046
0.6856980919837952
0.6849196553230286
0.6801207065582275
0.6621180772781372
0.6621320843696594
0.6312248110771179
0.6297351717948914
0.6464464068412781
0.6358981132507324
0.6433830261230469
0.6821929216384888
0.6794927716255188
0.6704954504966736
0.6780874133110046
0.6840961575508118
0.6666247844696045
0.6746240258216858
0.7042250037193298
0.6903044581413269
0.6998077034950256
0.6767508387565613
0.6663838028907776
0.7259081602096558
0.6721550822257996
0.6661781668663025
0.6630752086639404
0.6565127968788147
0.6829386353492737
0.7237146496772766
0.7223799824714661
0.6693331599235535
0.7077521681785583
0.6804463863372803
0.6890077590942383
0.7188433408737183
0.6920398473739624
0.727482259273529
0.7412548661231995
0.7133442163467407
0.6859275102615356
0.705575168132782
0.7174898982048035
0.7473722696304321
0.7308453917503357
0.7263914942741394
0.7202389240264893
0.6833394765853882
0.7199540138244629
0.7006726264953613
0.7425277233123779
0.749016284942627
0.7823423743247986
0.7685840725898743
0.7996377944946289
0.7680369019508362
0.7721316814422607
0.7544915080070496
0.7899175882339478
0.7931774854660034
0.8179673552513123
0.8006883263587952
0.8209825158119202
0.8161325454711914
0.8391581773757935
0.8159663081169128
0.8305404782295227
0.8272441029548645
0.7912256121635437
0.8330606818199158
0.834144651889801
0.8364254236221313
0.8359180092811584
0.8391779065132141
0.8337174654006958
0.8369540572166443
0.8278340101242065
0.820249080657959
0.8278399109840393
0.8188291192054749
0.8337854146957397
0.8439009785652161
0.7980356812477112
0.8322121500968933
0.8415282368659973
0.8118391633033752
0.8184301853179932
0.8379936218261719
0.8254778385162354
0.8411229252815247
0.8373282551765442
0.836768388748169
0.823060929775238
0.8209269642829895
0.84469074010849
0.8323225378990173
0.8408086895942688
0.8331201076507568
0.8424690365791321
0.845802903175354
0.8464066386222839
0.8392893671989441
0.8378028273582458
0.8357471227645874
0.8312044739723206
0.8159488439559937
0.8397789001464844
0.8452834486961365
0.8206475973129272
0.8404956459999084
0.8221399188041687
0.808681845664978
0.8314388394355774
0.8300470113754272
0.823940634727478
0.8452354073524475
0.8244051933288574
0.8370163440704346
0.8384849429130554
0.8234564661979675
0.81741863489151
