0.010868697427213192
0.04310641065239906
0.07871422916650772
0.12008257955312729
0.1698744148015976
0.2321605384349823
0.31296905875205994
0.4208682179450989
0.5517450571060181
0.6850985884666443
0.7622500061988831
0.6474084854125977
0.4842206835746765
0.4227546751499176
0.44135212898254395
0.5029789805412292
0.5810838341712952
0.6560008525848389
0.7076970338821411
0.7346489429473877
0.7455658912658691
0.745359480381012
0.742260754108429
0.7401008605957031
0.7399449944496155
0.7416263818740845
0.7443583011627197
0.7467390894889832
0.7464488744735718
0.7408737540245056
0.7312536239624023
0.7176799774169922
0.7020504474639893
0.6852681636810303
0.6718544363975525
0.6644645929336548
0.664267361164093
0.6710638403892517
0.6832396984100342
0.6986214518547058
0.7144724726676941
0.7281246781349182
0.7393125891685486
0.7478583455085754
0.7539860606193542
0.7580609321594238
0.7608042359352112
0.762466549873352
0.7631509304046631
0.7627164721488953
0.7609202265739441
0.7581104040145874
0.7542582750320435
0.7503848075866699
0.7475841045379639
0.747266948223114
0.7504382729530334
0.7570721507072449
0.7665393352508545
0.7776023149490356
0.7888539433479309
0.7991722822189331
0.8079453110694885
0.8149524331092834
0.8207147717475891
0.8253634572029114
0.8290076851844788
0.831389307975769
0.8336721658706665
0.8374155759811401
0.8441157341003418
0.8542388081550598
0.8664945960044861
0.8787945508956909
0.8891810774803162
0.8973923921585083
0.9040905237197876
0.9091636538505554
0.9120591878890991
0.9145451188087463
0.918578028678894
0.9215754866600037
0.9209052324295044
0.919387936592102
0.9190356135368347
0.9183451533317566
0.9180675148963928
0.9191650748252869
0.9199047088623047
0.9208120703697205
0.9225482940673828
0.9237009882926941
0.9240211248397827
0.9243058562278748
0.9246572852134705
0.9250563383102417
0.9250141978263855
0.9246130585670471
0.9236874580383301
0.9222267270088196
0.9210686683654785
0.9207692742347717
0.9211244583129883
0.9216089844703674
0.9219634532928467
0.9221219420433044
0.9221391081809998
0.922163188457489
0.9224516749382019
0.9232204556465149
0.9243878722190857
0.925558865070343
0.9264798164367676
0.9270785450935364
0.927484929561615
0.9278155565261841
0.9282707571983337
0.9289102554321289
0.9296408891677856
0.9302476644515991
0.93068927526474
0.9309654831886292
0.9311172366142273
0.9313006401062012
0.9315934181213379
0.931970477104187
0.9323057532310486
0.9325287342071533
0.932649552822113
0.9326887726783752
0.9327241778373718
0.9328432083129883
0.9330195784568787
0.9332037568092346
0.9333376288414001
0.9333974719047546
0.9334211945533752
0.9334560632705688
0.9335541129112244
0.9337274432182312
0.9338949918746948
0.934043824672699
0.9341687560081482
0.9342832565307617
0.9344145655632019
0.9346099495887756
0.9348561763763428
0.9350916147232056
0.9353116750717163
0.9354931116104126
