0.030785638839006424
0.06612806767225266
0.09996750950813293
0.1363033503293991
0.17454324662685394
0.21720559895038605
0.26265835762023926
0.3252485990524292
0.3925309181213379
0.4779272973537445
0.5750442147254944
0.6818125247955322
0.7556285262107849
0.6846085786819458
0.5277315378189087
0.44938793778419495
0.4515574276447296
0.4974253475666046
0.566112220287323
0.6382266283035278
0.6968694925308228
0.7257450222969055
0.74086594581604
0.7420997619628906
0.7409568428993225
0.7402000427246094
0.7412155866622925
0.7407023310661316
0.7417438626289368
0.7435670495033264
0.7424080967903137
0.7349995374679565
0.7271982431411743
0.7199808955192566
0.7080991268157959
0.6975381970405579
0.6823029518127441
0.6736052632331848
0.6704246401786804
0.6784304976463318
0.6881629824638367
0.6988394260406494
0.7140198349952698
0.7236865758895874
0.7343155741691589
0.7467322945594788
0.751005232334137
0.7558167576789856
0.7596880793571472
0.764488160610199
0.7682020664215088
0.7674868702888489
0.7682931423187256
0.7678462266921997
0.765228807926178
0.7576271295547485
0.7591996788978577
0.7655712962150574
0.7689321041107178
0.7827343344688416
0.7942274808883667
0.8087133169174194
0.8223311901092529
0.8353719711303711
0.8409199118614197
0.8468694090843201
0.8470587730407715
0.8494876623153687
0.865805983543396
0.8846891522407532
0.8947206735610962
0.8994590640068054
0.8999356627464294
0.8999875783920288
0.8997511863708496
0.9008800387382507
0.8963648676872253
0.9011052250862122
0.9052532911300659
0.9023160338401794
0.9073919057846069
0.9100906848907471
0.9100918769836426
0.9067255258560181
0.8989342451095581
0.8984317183494568
0.9062284827232361
0.9093870520591736
0.9105589985847473
0.9126385450363159
0.9126629829406738
0.9127521514892578
0.9111379981040955
0.9167096614837646
0.9181149005889893
0.9179809093475342
0.9185906052589417
0.916671633720398
0.9151353240013123
0.9210678935050964
0.9210467338562012
0.9214767217636108
0.9207971096038818
0.9214454293251038
0.9210173487663269
0.9213063716888428
0.9185115694999695
0.9209319353103638
0.922374427318573
0.9214807748794556
0.9221158623695374
0.9233977198600769
0.9233587384223938
0.9230921268463135
0.9249560236930847
0.9240751266479492
0.926210880279541
0.9257109761238098
0.9270694851875305
0.9278311133384705
0.9248559474945068
0.9252848029136658
0.9274252653121948
0.9272240400314331
0.9281213283538818
0.9299771189689636
0.9277970194816589
0.9240179657936096
0.9305329918861389
0.930757999420166
0.929855465888977
0.9298128485679626
0.9301151037216187
0.927604615688324
0.9282092452049255
0.929983377456665
0.930591881275177
0.9314908981323242
0.9303909540176392
0.9313026070594788
0.9304459095001221
0.9322693347930908
0.9328378438949585
0.9335976839065552
0.9331122636795044
0.9328295588493347
0.9325199723243713
0.9343076348304749
0.9337196350097656
0.934731662273407
