-0.06756594032049179
-0.04817318171262741
-0.014652389101684093
0.02027733437716961
0.07221991568803787
0.10598668456077576
0.1479058712720871
0.2897799015045166
0.35325193405151367
0.45951512455940247
0.5647745132446289
0.6490103602409363
0.61728435754776
0.5111185908317566
0.41768306493759155
0.38203921914100647
0.43123453855514526
0.35971078276634216
0.5114096403121948
0.5479567050933838
0.5967467427253723
0.6312512159347534
0.6206609606742859
0.634743869304657
0.6515463590621948
0.6266950964927673
0.6049652099609375
0.609283447265625
0.6143477559089661
0.593917191028595
0.625839114189148
0.6349325180053711
0.633683979511261
0.6684219837188721
0.6467018127441406
0.6363581418991089
0.6631823182106018
0.6135699152946472
0.6402238011360168
0.6278985738754272
0.586375892162323
0.5932434797286987
0.6526306867599487
0.6451584696769714
0.6094985604286194
0.609105110168457
0.6344988346099854
0.6393749117851257
0.5930516719818115
0.6600551605224609
0.6001812219619751
0.6198938488960266
0.6139906644821167
0.5824692249298096
0.6419415473937988
0.6310586929321289
0.6646899580955505
0.6515681147575378
0.6308684349060059
0.6272889971733093
0.6355041265487671
0.5850822329521179
0.5898951888084412
0.6164189577102661
0.6609283089637756
0.6247018575668335
0.6543270945549011
0.6227760314941406
0.5624485015869141
0.6378933191299438
0.6542503237724304
0.6593285799026489
0.6135298013687134
0.5725727081298828
0.5616557598114014
0.655247688293457
0.6265794038772583
0.5924146175384521
0.6483361721038818
0.6774764060974121
0.66976398229599
0.658013641834259
0.6566604375839233
0.6560714244842529
0.6625833511352539
0.6115760803222656
0.6212376356124878
0.5887774229049683
0.6038237810134888
0.6543108224868774
0.5726982951164246
0.6233360171318054
0.6230044960975647
0.6816084980964661
0.6956145763397217
0.694855272769928
0.7139319181442261
0.6917129158973694
0.6526192426681519
0.6561964750289917
0.6874299645423889
0.5847392082214355
0.591534435749054
0.6539456248283386
0.6496478915214539
0.7013586759567261
0.6819219589233398
0.7219013571739197
0.7081520557403564
0.7044361233711243
0.6998324394226074
0.6780955791473389
0.6295619010925293
0.6423200964927673
0.5958216190338135
0.615507185459137
0.6997626423835754
0.6452544331550598
0.7151475548744202
0.7309714555740356
0.750756025314331
0.7043020129203796
0.676289439201355
0.7208348512649536
0.7202405333518982
0.7305594682693481
0.6936776041984558
0.691942572593689
0.7110702991485596
0.6528986096382141
0.5850211381912231
0.624635636806488
0.7322851419448853
0.7394504547119141
0.7077458500862122
0.726430356502533
0.7314382195472717
0.6805270910263062
0.7449941635131836
0.7056788802146912
0.677257239818573
0.611638069152832
0.7117482423782349
0.7037428021430969
0.6453560590744019
0.728419303894043
0.7247676849365234
0.7367613911628723
0.7275753617286682
0.7455995082855225
