-0.08046527206897736
-0.05146310478448868
-0.021849676966667175
0.0094495490193367
0.04425239935517311
0.08444108068943024
0.1322009414434433
0.19072748720645905
0.2649252414703369
0.3616996109485626
0.48715028166770935
0.6174831390380859
0.7378751039505005
0.7307513356208801
0.5684072375297546
0.44312402606010437
0.41307970881462097
0.4480654299259186
0.5157415866851807
0.5933560729026794
0.6623963713645935
0.7072297930717468
0.7306239008903503
0.740462064743042
0.740842342376709
0.7384635210037231
0.7367772459983826
0.7366018295288086
0.7378612756729126
0.7399000525474548
0.7415004968643188
0.7407470345497131
0.7355769276618958
0.72695392370224
0.7148416638374329
0.701064944267273
0.6862766742706299
0.6725392937660217
0.6635301113128662
0.660346508026123
0.6632636189460754
0.6714583039283752
0.6833757162094116
0.6971428990364075
0.7099719047546387
0.7210410237312317
0.7301708459854126
0.737289547920227
0.7425301671028137
0.7459540963172913
0.7481335997581482
0.7492420673370361
0.7493910193443298
0.7483938932418823
0.7463620901107788
0.7434869408607483
0.7399677038192749
0.7363640666007996
0.7334519028663635
0.7318231463432312
0.7324532270431519
0.7357070446014404
0.7414396405220032
0.7489803433418274
0.7574169039726257
0.76594477891922
0.7737287878990173
0.7805981636047363
0.7864469885826111
0.7913210988044739
0.7953239679336548
0.7983493804931641
0.8006472587585449
0.8028610348701477
0.8063107132911682
0.8121342658996582
0.8209925293922424
0.8322700262069702
0.8440542221069336
0.8537256717681885
0.8618930578231812
0.868744969367981
0.8739738464355469
0.8783731460571289
0.8852235674858093
0.8944519758224487
0.9015937447547913
0.9056777358055115
0.9079630374908447
0.9074240922927856
0.910629391670227
0.9126256704330444
0.9131183624267578
0.9135982394218445
0.9139902591705322
0.9158636331558228
0.916438639163971
0.9180691242218018
0.9195698499679565
0.9203751087188721
0.9209547638893127
0.9215683937072754
0.9220350980758667
0.9223319888114929
0.9222910404205322
0.9223060011863708
0.9229256510734558
0.9241954684257507
0.9253164529800415
0.9259476661682129
0.9261596202850342
0.9260857701301575
0.9258254766464233
0.9257526397705078
0.9260486364364624
0.9264996647834778
0.9267535209655762
0.9268310070037842
0.9267253875732422
0.9264788627624512
0.9263807535171509
0.9265614748001099
0.9269025325775146
0.9272213578224182
0.9273832440376282
0.9274036884307861
0.9273709654808044
0.9274375438690186
0.9277504682540894
0.9282280206680298
0.9286739230155945
0.9290347099304199
0.9292941093444824
0.9294727444648743
0.9297107458114624
0.9300620555877686
0.9304673075675964
0.9308634996414185
0.9311866760253906
0.9314237236976624
0.9316143989562988
0.9318327307701111
0.9321133494377136
0.9324350357055664
0.9327353239059448
0.9329754114151001
0.933149516582489
0.9332910776138306
0.933452844619751
0.9336598515510559
